1 0 0 0 0 0 0 0 0;
2 0 0 0 5 5 5 5 0;
3 0 0 0 4 4 5 5 0;
4 0 0 0 0 5 5 5 5;
5 0 0 0 0 4 4 5 5;
6 0 0 0 0 4 5 5 5;
7 0 0 0 0 4 4 5 5;
8 0 0 0 0 4 4 5 5;
9 0 0 5 5 0 0 4 5;
10 0 0 0 0 0 5 5 5;
11 0 0 0 0 0 4 4 5;
12 5 0 0 0 0 0 5 5;
13 5 5 0 0 0 0 4 4;
14 5 5 0 0 0 0 4 5;
15 5 5 0 0 0 0 4 4;
16 2 2 5 5 5 5 0 0;
17 4 5 0 0 0 0 0 5;
18 5 5 5 0 0 0 0 4;
19 4 5 5 0 0 0 0 0;
20 5 5 5 5 0 0 0 0;
21 4 4 5 5 0 0 0 0;
22 4 5 5 5 0 0 0 0;
23 4 4 5 5 0 0 0 0;
24 6 6 2 2 5 5 5 5;
25 5 5 4 5 0 0 0 0;
26 0 5 5 5 5 0 0 0;
27 5 4 4 5 5 0 0 0;
28 0 0 5 5 5 5 0 0;
29 0 0 4 4 5 5 0 0;
30 0 0 4 5 5 5 0 0;
31 0 0 4 4 5 5 0 0;
32 0 0 4 4 5 5 0 0;
33 5 5 0 0 4 5 0 0;
34 0 0 0 5 5 5 5 0;
35 0 0 0 4 4 5 5 0;
36 0 0 0 0 5 5 5 5;
37 0 0 0 0 4 4 5 5;
38 0 0 4 5 5 5 0 0;
39 0 0 4 4 5 5 0 0;
40 0 0 4 4 5 5 0 0;
41 5 5 0 0 4 4 4 5;
